//posX posY type 0 = bush 1 = bird

3000 500 1
6000 400 1
10000 400 1
13000 500 1
16000 400 1
18000 400 1
22000 500 1
25000 500 1
27000 500 1

//900 530 0
1360 530 0
//1900 530 0
2200 530 0

3500 530 0
3700 130 0
//3900 530 0

//4440 330 0

6240 530 0

//7000 330 0

8500 330 0

8900 530 0
//9300 530 0
9700 530 0
10700 330 0

//11500 330 0
11700 630 0
11800 630 0
11900 630 0
12400 330 0

//1200 530 0
14600 330 0
//16400 530 0
17100 330 0

17600 330 0
18000 530 0
18500 330 0
18900 330 0
19536 530 0