//PosX PosY

//400 530
//500 530
//600 530
700 530
800 530
900 530
1000 530
1100 530
//1300 530
1500 530
1600 530
1700 530
1800 530
1900 530
2000 530
2100 530
2300 530
2400 530
2500 530
//2600 530

2800 330
2900 330
3000 330

3300 530
3300 130
3400 530
3400 130
//3500 530
3500 130
3600 530
3600 130
3700 530
//3700 130
3800 530
3800 130
3900 530
3900 130
4000 530
4000 130

4350 330
4450 330
4550 330

5100 330
5200 330
5300 330

5900 530
6000 530
6100 530
6300 530
6400 530
6500 530

6900 330
//7000 330
7100 330
//7000 330
7670 530
7770 530
7870 530

9000 530
9100 530
9200 530
9400 530
9500 530
9600 530
9800 530
9900 530
10000 530

11700 230
11800 230
11900 230

12900 330
13000 330
13100 330

13300 330
13400 330
13500 330

13700 330
13800 330
13900 330

16300 530
//16400 530
16500 530

15600 230
15700 230
15800 230

17500 330
17700 330
//18500 330
18600 330
18700 330
18800 330
//18900 330
19300 530
19400 530
//19500 530
//19600 530
19700 530
19700 430
19800 530
19800 430
19900 530
19900 430

